0.57990164 0.44509099 0.43108659 0.39918538
0.22058041 0.18892874 0.0601123  0.45087950
0.13450465 0.35537881 0.16833987 0.08884369
0.0195704  0.0795737  0.04854295 0.35969646
0.59148119 0.35548238 0.22206498 0.35670657
0.00000000 0.00000000 0.00000000 0.00000000        
0.18728562 0.07161333 0.07326115 0.04464427
0.00000000 0.00000000 0.00000000 0.00000000 
0.38861485 0.19463456 0.47290038 0.61618167
0.40475885 0.64118857 0.43273742 0.36552560
0.56535155 0.28042263 0.30217313 0.25389399
0.00000000 0.00000000 0.00000000 0.00000000   
0.00000000 0.00000000 0.00000000 0.00000000 
0.22492017 0.36697959 0.75167831 0.36566496
0.62703954 0.85579179 0.61109908 0.62446524
0.00000000 0.00000000 0.00000000 0.00000000 